56.000000000000000 1096.000000000000000 0.000000000000000 0.000000000000000 
56.000000000000000 839.000000000000000 1.000000000000000 0.000000000000000 
56.000000000000000 854.000000000000000 1.000000000000000 0.000000000000000 
122.000000000000000 1030.000000000000000 0.000000000000000 0.000000000000000 
192.000000000000000 870.000000000000000 1.000000000000000 0.000000000000000 
258.000000000000000 1030.000000000000000 0.000000000000000 0.000000000000000 
328.000000000000000 870.000000000000000 1.000000000000000 0.000000000000000 
394.000000000000000 1030.000000000000000 0.000000000000000 0.000000000000000 
464.000000000000000 806.000000000000000 1.000000000000000 0.000000000000000 
464.000000000000000 950.000000000000000 0.000000000000000 0.000000000000000 
446.000000000000000 1014.000000000000000 0.000000000000000 0.000000000000000 
446.000000000000000 837.000000000000000 1.000000000000000 0.000000000000000 
446.000000000000000 836.000000000000000 1.000000000000000 0.000000000000000 
446.000000000000000 835.000000000000000 1.000000000000000 0.000000000000000 
446.000000000000000 834.000000000000000 1.000000000000000 0.000000000000000 
446.000000000000000 849.000000000000000 1.000000000000000 0.000000000000000 
477.000000000000000 1009.000000000000000 0.000000000000000 0.000000000000000 
482.000000000000000 641.000000000000000 1.000000000000000 0.000000000000000 
455.000000000000000 38.000000000000000 0.000000000000000 0.000000000000000 
454.000000000000000 38.000000000000000 0.000000000000000 0.000000000000000 
452.000000000000000 38.000000000000000 0.000000000000000 0.000000000000000 
451.000000000000000 38.000000000000000 0.000000000000000 0.000000000000000 
453.000000000000000 406.000000000000000 0.000000000000000 0.000000000000000 
453.000000000000000 422.000000000000000 0.000000000000000 0.000000000000000 
453.000000000000000 22.000000000000000 0.000000000000000 0.000000000000000 
450.000000000000000 22.000000000000000 0.000000000000000 0.000000000000000 
483.000000000000000 433.000000000000000 0.000000000000000 0.000000000000000 
