221.000000000000000 657.000000000000000 1.000000000000000 
253.000000000000000 1025.000000000000000 0.000000000000000 
287.000000000000000 1025.000000000000000 0.000000000000000 
323.000000000000000 865.000000000000000 1.000000000000000 
357.000000000000000 801.000000000000000 1.000000000000000 
357.000000000000000 1073.000000000000000 0.000000000000000 
285.000000000000000 304.000000000000000 0.000000000000000 
312.000000000000000 352.000000000000000 0.000000000000000 
322.000000000000000 368.000000000000000 0.000000000000000 
310.000000000000000 657.000000000000000 1.000000000000000 
344.000000000000000 801.000000000000000 1.000000000000000 
344.000000000000000 336.000000000000000 0.000000000000000 
354.000000000000000 272.000000000000000 0.000000000000000 
284.000000000000000 288.000000000000000 0.000000000000000 
273.000000000000000 352.000000000000000 0.000000000000000 
239.000000000000000 336.000000000000000 0.000000000000000 
241.000000000000000 657.000000000000000 1.000000000000000 
283.000000000000000 272.000000000000000 0.000000000000000 
272.000000000000000 352.000000000000000 0.000000000000000 
238.000000000000000 352.000000000000000 0.000000000000000 
218.000000000000000 400.000000000000000 0.000000000000000 
237.000000000000000 129.000000000000000 0.000000000000000 
229.000000000000000 225.000000000000000 0.000000000000000 
229.000000000000000 577.000000000000000 0.000000000000000 
236.000000000000000 305.000000000000000 0.000000000000000 
236.000000000000000 257.000000000000000 0.000000000000000 
234.000000000000000 257.000000000000000 0.000000000000000 
235.000000000000000 241.000000000000000 0.000000000000000 
235.000000000000000 945.000000000000000 0.000000000000000 
235.000000000000000 929.000000000000000 0.000000000000000 
235.000000000000000 977.000000000000000 0.000000000000000 
235.000000000000000 961.000000000000000 0.000000000000000 
232.000000000000000 945.000000000000000 0.000000000000000 
232.000000000000000 929.000000000000000 0.000000000000000 
232.000000000000000 913.000000000000000 0.000000000000000 
281.000000000000000 112.000000000000000 0.000000000000000 
290.000000000000000 208.000000000000000 0.000000000000000 
286.000000000000000 208.000000000000000 0.000000000000000 
284.000000000000000 144.000000000000000 0.000000000000000 
284.000000000000000 160.000000000000000 0.000000000000000 
339.000000000000000 129.000000000000000 0.000000000000000 
323.000000000000000 193.000000000000000 0.000000000000000 
331.000000000000000 737.000000000000000 1.000000000000000 
338.000000000000000 401.000000000000000 0.000000000000000 
321.000000000000000 241.000000000000000 0.000000000000000 
320.000000000000000 401.000000000000000 0.000000000000000 
322.000000000000000 17.000000000000000 0.000000000000000 
336.000000000000000 417.000000000000000 0.000000000000000 
336.000000000000000 1.000000000000000 0.000000000000000 
337.000000000000000 945.000000000000000 0.000000000000000 
337.000000000000000 929.000000000000000 0.000000000000000 
353.000000000000000 80.000000000000000 0.000000000000000 
360.000000000000000 208.000000000000000 0.000000000000000 
