310.000000000000000 657.000000000000000 1.000000000000000 
310.000000000000000 593.000000000000000 0.000000000000000 
376.000000000000000 1025.000000000000000 0.000000000000000 
446.000000000000000 865.000000000000000 1.000000000000000 
477.000000000000000 1025.000000000000000 0.000000000000000 
477.000000000000000 1042.000000000000000 0.000000000000000 
477.000000000000000 1043.000000000000000 0.000000000000000 
477.000000000000000 644.000000000000000 1.000000000000000 
477.000000000000000 563.000000000000000 0.000000000000000 
482.000000000000000 1042.000000000000000 0.000000000000000 
482.000000000000000 1025.000000000000000 0.000000000000000 
451.000000000000000 865.000000000000000 1.000000000000000 
381.000000000000000 945.000000000000000 0.000000000000000 
379.000000000000000 304.000000000000000 0.000000000000000 
325.000000000000000 384.000000000000000 0.000000000000000 
477.000000000000000 625.000000000000000 0.000000000000000 
478.000000000000000 1041.000000000000000 0.000000000000000 
477.000000000000000 626.000000000000000 0.000000000000000 
333.000000000000000 209.000000000000000 0.000000000000000 
332.000000000000000 177.000000000000000 0.000000000000000 
332.000000000000000 289.000000000000000 0.000000000000000 
484.000000000000000 545.000000000000000 0.000000000000000 
484.000000000000000 417.000000000000000 0.000000000000000 
483.000000000000000 401.000000000000000 0.000000000000000 
484.000000000000000 546.000000000000000 0.000000000000000 
484.000000000000000 418.000000000000000 0.000000000000000 
483.000000000000000 402.000000000000000 0.000000000000000 
484.000000000000000 547.000000000000000 0.000000000000000 
484.000000000000000 419.000000000000000 0.000000000000000 
483.000000000000000 403.000000000000000 0.000000000000000 
484.000000000000000 548.000000000000000 0.000000000000000 
484.000000000000000 420.000000000000000 0.000000000000000 
483.000000000000000 404.000000000000000 0.000000000000000 
