344.000000000000000 1121.000000000000000 0.000000000000000 
344.000000000000000 1073.000000000000000 0.000000000000000 
283.000000000000000 288.000000000000000 0.000000000000000 
310.000000000000000 352.000000000000000 0.000000000000000 
320.000000000000000 400.000000000000000 0.000000000000000 
317.000000000000000 657.000000000000000 1.000000000000000 
317.000000000000000 865.000000000000000 1.000000000000000 
281.000000000000000 1025.000000000000000 0.000000000000000 
247.000000000000000 1025.000000000000000 0.000000000000000 
215.000000000000000 785.000000000000000 1.000000000000000 
215.000000000000000 304.000000000000000 0.000000000000000 
191.000000000000000 384.000000000000000 0.000000000000000 
174.000000000000000 657.000000000000000 1.000000000000000 
208.000000000000000 865.000000000000000 1.000000000000000 
240.000000000000000 1025.000000000000000 0.000000000000000 
274.000000000000000 1025.000000000000000 0.000000000000000 
310.000000000000000 865.000000000000000 1.000000000000000 
344.000000000000000 865.000000000000000 1.000000000000000 
376.000000000000000 1025.000000000000000 0.000000000000000 
410.000000000000000 1025.000000000000000 0.000000000000000 
446.000000000000000 865.000000000000000 1.000000000000000 
477.000000000000000 1009.000000000000000 0.000000000000000 
477.000000000000000 641.000000000000000 1.000000000000000 
201.000000000000000 209.000000000000000 0.000000000000000 
195.000000000000000 625.000000000000000 0.000000000000000 
202.000000000000000 433.000000000000000 0.000000000000000 
195.000000000000000 433.000000000000000 0.000000000000000 
182.000000000000000 305.000000000000000 0.000000000000000 
182.000000000000000 241.000000000000000 0.000000000000000 
200.000000000000000 241.000000000000000 0.000000000000000 
198.000000000000000 945.000000000000000 0.000000000000000 
201.000000000000000 945.000000000000000 0.000000000000000 
201.000000000000000 929.000000000000000 0.000000000000000 
203.000000000000000 17.000000000000000 0.000000000000000 
201.000000000000000 977.000000000000000 0.000000000000000 
201.000000000000000 961.000000000000000 0.000000000000000 
185.000000000000000 257.000000000000000 0.000000000000000 
189.000000000000000 257.000000000000000 0.000000000000000 
188.000000000000000 1.000000000000000 0.000000000000000 
187.000000000000000 417.000000000000000 0.000000000000000 
187.000000000000000 385.000000000000000 0.000000000000000 
191.000000000000000 385.000000000000000 0.000000000000000 
186.000000000000000 17.000000000000000 0.000000000000000 
190.000000000000000 1.000000000000000 0.000000000000000 
183.000000000000000 401.000000000000000 0.000000000000000 
183.000000000000000 369.000000000000000 0.000000000000000 
201.000000000000000 977.000000000000000 0.000000000000000 
201.000000000000000 961.000000000000000 0.000000000000000 
196.000000000000000 289.000000000000000 0.000000000000000 
197.000000000000000 401.000000000000000 0.000000000000000 
220.000000000000000 208.000000000000000 0.000000000000000 
284.000000000000000 144.000000000000000 0.000000000000000 
339.000000000000000 17.000000000000000 0.000000000000000 
338.000000000000000 129.000000000000000 0.000000000000000 
338.000000000000000 241.000000000000000 0.000000000000000 
339.000000000000000 129.000000000000000 0.000000000000000 
339.000000000000000 241.000000000000000 0.000000000000000 
331.000000000000000 225.000000000000000 0.000000000000000 
331.000000000000000 577.000000000000000 0.000000000000000 
337.000000000000000 945.000000000000000 0.000000000000000 
337.000000000000000 929.000000000000000 0.000000000000000 
338.000000000000000 305.000000000000000 0.000000000000000 
338.000000000000000 257.000000000000000 0.000000000000000 
336.000000000000000 257.000000000000000 0.000000000000000 
337.000000000000000 241.000000000000000 0.000000000000000 
338.000000000000000 321.000000000000000 0.000000000000000 
330.000000000000000 241.000000000000000 0.000000000000000 
334.000000000000000 993.000000000000000 0.000000000000000 
337.000000000000000 945.000000000000000 0.000000000000000 
337.000000000000000 929.000000000000000 0.000000000000000 
337.000000000000000 977.000000000000000 0.000000000000000 
337.000000000000000 961.000000000000000 0.000000000000000 
334.000000000000000 945.000000000000000 0.000000000000000 
334.000000000000000 929.000000000000000 0.000000000000000 
334.000000000000000 913.000000000000000 0.000000000000000 
484.000000000000000 465.000000000000000 0.000000000000000 
