1.296931108030549 
1.334934679441176 
1.333019714103102 
1.387252101053491 
1.387875101884674 
1.387875101884674 
1.387252101053491 
1.442085793267324 
1.439646858428205 
1.448173078493710 
1.439646858428205 
1.437816139974530 
1.491587959711069 
1.495770811488910 
1.496964685913554 
1.494576392186900 
1.489194759414204 
1.489793264124273 
1.493381428028442 
1.541341156981616 
1.546029026811084 
1.541341156981616 
1.539580915044098 
1.540754548247605 
1.543100150664031 
1.542513958247582 
1.544857893845801 
1.543686204083315 
1.541927627010409 
1.541927627010409 
1.540754548247605 
1.542513958247582 
1.490391632372848 
1.486200187834584 
1.492783741586209 
1.490989864219955 
1.484401805103516 
1.489194759414204 
1.483202199303378 
1.432927828819629 
1.434762039120869 
1.435984116016698 
1.440866614313563 
1.437816139974530 
1.376635597091081 
1.377261445036311 
1.381012971701239 
1.380388139500610 
1.327904364723508 
1.321491926841190 
1.324700707089505 
1.328544487008912 
1.271381506053331 
1.268079072251567 
1.262118626656957 
1.271381506053331 
1.264107757929196 
1.212951752441768 
1.213635822710785 
1.207467935834757 
1.214319582793905 
1.214319582793905 
1.212267371317466 
1.159286826606149 
1.152877781554707 
1.152877781554707 
1.150734658946021 
1.155729990734471 
1.159997078465494 
1.156442104140297 
1.156442104140297 
1.150734658946021 
1.152877781554707 
1.156442104140297 
1.151449412394868 
1.145720688251458 
1.152877781554707 
1.159997078465494 
1.156442104140297 
1.150019525014613 
1.150734658946021 
1.155017502499504 
1.155017502499504 
1.150019525014613 
1.153591398737262 
1.157153843717424 
1.209526722998817 
1.209526722998817 
1.206781040763417 
1.212951752441768 
1.208154514089983 
1.211582678560262 
1.264770284805309 
1.266094567309665 
1.264107757929196 
1.267417825534721 
1.321491926841190 
1.319564174092193 
1.324059362782464 
1.328544487008912 
1.325982781429047 
1.379763138898852 
1.381012971701239 
1.375383389268791 
1.375383389268791 
1.432316132659253 
1.432927828819629 
1.432927828819629 
1.435373150437954 
1.429255448480944 
1.482602191113074 
1.487398426193067 
1.486799375319606 
1.487398426193067 
1.485001402773378 
1.482602191113074 
1.534292720521989 
1.536056694873878 
1.534292720521989 
1.536056694873878 
1.533704453338942 
1.534880849868387 
1.537819427013346 
1.532527505838516 
1.530171959764630 
1.535468841339934 
1.536056694873878 
1.534880849868387 
1.538993890755592 
1.484401805103516 
1.483802070613820 
1.483202199303378 
1.480801344398969 
1.478999263787955 
1.482602191113074 
1.426804245192216 
1.432316132659253 
1.431092300304044 
1.430480163605353 
1.429867879745871 
1.374130496660655 
1.374757028757813 
1.374130496660655 
1.369112022312947 
1.320206966535807 
1.322776057567353 
1.318921172731280 
1.318921172731280 
1.260791240673825 
1.263444972956677 
1.259462809805882 
1.266756324158450 
1.263444972956677 
1.206093828021039 
1.208840776272154 
1.201274382326119 
1.206781040763417 
1.205406296960064 
1.208154514089983 
1.145002869043310 
1.144284662914288 
1.142847086847723 
1.147871832913552 
1.147871832913552 
1.146438121411848 
1.143566069142253 
1.145720688251458 
1.142847086847723 
1.147871832913552 
1.148588112812831 
1.139246319772610 
1.143566069142253 
1.145720688251458 
1.147155169428515 
1.142847086847723 
1.143566069142253 
1.145720688251458 
1.143566069142253 
1.147155169428515 
1.149304009927619 
1.145720688251458 
1.206781040763417 
1.204030276683625 
1.208154514089983 
1.203341785886550 
1.205406296960064 
1.203341785886550 
1.266094567309665 
1.265432554456311 
1.262781929465746 
1.266756324158450 
1.316990910112509 
1.322776057567353 
1.320206966535807 
1.319564174092193 
1.376635597091081 
1.372249867787104 
1.370367682238793 
1.379137969438489 
1.430480163605353 
