174.000000000000000 661.000000000000000 1.000000000000000 
174.000000000000000 597.000000000000000 0.000000000000000 
240.000000000000000 1029.000000000000000 0.000000000000000 
310.000000000000000 869.000000000000000 1.000000000000000 
376.000000000000000 1029.000000000000000 0.000000000000000 
446.000000000000000 805.000000000000000 1.000000000000000 
446.000000000000000 836.000000000000000 1.000000000000000 
446.000000000000000 835.000000000000000 1.000000000000000 
446.000000000000000 834.000000000000000 1.000000000000000 
446.000000000000000 833.000000000000000 1.000000000000000 
446.000000000000000 945.000000000000000 0.000000000000000 
447.000000000000000 1009.000000000000000 0.000000000000000 
447.000000000000000 785.000000000000000 1.000000000000000 
478.000000000000000 1009.000000000000000 0.000000000000000 
482.000000000000000 625.000000000000000 0.000000000000000 
38.000000000000000 1096.000000000000000 0.000000000000000 
38.000000000000000 839.000000000000000 1.000000000000000 
38.000000000000000 838.000000000000000 1.000000000000000 
38.000000000000000 853.000000000000000 1.000000000000000 
104.000000000000000 1029.000000000000000 0.000000000000000 
174.000000000000000 805.000000000000000 1.000000000000000 
174.000000000000000 852.000000000000000 1.000000000000000 
174.000000000000000 692.000000000000000 1.000000000000000 
197.000000000000000 213.000000000000000 0.000000000000000 
196.000000000000000 181.000000000000000 0.000000000000000 
196.000000000000000 293.000000000000000 0.000000000000000 
455.000000000000000 33.000000000000000 0.000000000000000 
454.000000000000000 33.000000000000000 0.000000000000000 
452.000000000000000 33.000000000000000 0.000000000000000 
451.000000000000000 33.000000000000000 0.000000000000000 
453.000000000000000 401.000000000000000 0.000000000000000 
453.000000000000000 417.000000000000000 0.000000000000000 
453.000000000000000 17.000000000000000 0.000000000000000 
450.000000000000000 17.000000000000000 0.000000000000000 
483.000000000000000 433.000000000000000 0.000000000000000 
