38.000000000000000 1069.000000000000000 0.000000000000000 
38.000000000000000 844.000000000000000 1.000000000000000 
38.000000000000000 843.000000000000000 1.000000000000000 
38.000000000000000 842.000000000000000 1.000000000000000 
38.000000000000000 857.000000000000000 1.000000000000000 
104.000000000000000 1033.000000000000000 0.000000000000000 
174.000000000000000 873.000000000000000 1.000000000000000 
240.000000000000000 1033.000000000000000 0.000000000000000 
310.000000000000000 873.000000000000000 1.000000000000000 
376.000000000000000 969.000000000000000 0.000000000000000 
376.000000000000000 713.000000000000000 1.000000000000000 
376.000000000000000 697.000000000000000 1.000000000000000 
310.000000000000000 793.000000000000000 1.000000000000000 
310.000000000000000 1033.000000000000000 0.000000000000000 
310.000000000000000 1017.000000000000000 0.000000000000000 
310.000000000000000 633.000000000000000 0.000000000000000 
310.000000000000000 856.000000000000000 1.000000000000000 
310.000000000000000 696.000000000000000 1.000000000000000 
310.000000000000000 680.000000000000000 1.000000000000000 
310.000000000000000 601.000000000000000 0.000000000000000 
376.000000000000000 649.000000000000000 1.000000000000000 
376.000000000000000 633.000000000000000 0.000000000000000 
310.000000000000000 1001.000000000000000 0.000000000000000 
310.000000000000000 985.000000000000000 0.000000000000000 
310.000000000000000 969.000000000000000 0.000000000000000 
310.000000000000000 953.000000000000000 0.000000000000000 
41.000000000000000 1017.000000000000000 0.000000000000000 
41.000000000000000 856.000000000000000 1.000000000000000 
107.000000000000000 1032.000000000000000 0.000000000000000 
177.000000000000000 872.000000000000000 1.000000000000000 
243.000000000000000 1032.000000000000000 0.000000000000000 
313.000000000000000 872.000000000000000 1.000000000000000 
379.000000000000000 984.000000000000000 0.000000000000000 
379.000000000000000 665.000000000000000 1.000000000000000 
50.000000000000000 1033.000000000000000 0.000000000000000 
50.000000000000000 793.000000000000000 1.000000000000000 
116.000000000000000 1033.000000000000000 0.000000000000000 
186.000000000000000 873.000000000000000 1.000000000000000 
252.000000000000000 1033.000000000000000 0.000000000000000 
322.000000000000000 873.000000000000000 1.000000000000000 
388.000000000000000 969.000000000000000 0.000000000000000 
388.000000000000000 681.000000000000000 1.000000000000000 
122.000000000000000 697.000000000000000 1.000000000000000 
122.000000000000000 953.000000000000000 0.000000000000000 
192.000000000000000 873.000000000000000 1.000000000000000 
258.000000000000000 1033.000000000000000 0.000000000000000 
328.000000000000000 873.000000000000000 1.000000000000000 
328.000000000000000 585.000000000000000 0.000000000000000 
55.000000000000000 1132.000000000000000 0.000000000000000 
55.000000000000000 843.000000000000000 1.000000000000000 
55.000000000000000 842.000000000000000 1.000000000000000 
55.000000000000000 857.000000000000000 1.000000000000000 
121.000000000000000 1033.000000000000000 0.000000000000000 
191.000000000000000 873.000000000000000 1.000000000000000 
257.000000000000000 1033.000000000000000 0.000000000000000 
327.000000000000000 873.000000000000000 1.000000000000000 
327.000000000000000 617.000000000000000 0.000000000000000 
39.000000000000000 1053.000000000000000 0.000000000000000 
39.000000000000000 844.000000000000000 1.000000000000000 
39.000000000000000 843.000000000000000 1.000000000000000 
39.000000000000000 842.000000000000000 1.000000000000000 
39.000000000000000 857.000000000000000 1.000000000000000 
105.000000000000000 1033.000000000000000 0.000000000000000 
175.000000000000000 873.000000000000000 1.000000000000000 
241.000000000000000 1033.000000000000000 0.000000000000000 
311.000000000000000 873.000000000000000 1.000000000000000 
311.000000000000000 649.000000000000000 1.000000000000000 
312.000000000000000 665.000000000000000 1.000000000000000 
378.000000000000000 1033.000000000000000 0.000000000000000 
448.000000000000000 809.000000000000000 1.000000000000000 
448.000000000000000 840.000000000000000 1.000000000000000 
448.000000000000000 839.000000000000000 1.000000000000000 
448.000000000000000 838.000000000000000 1.000000000000000 
448.000000000000000 837.000000000000000 1.000000000000000 
448.000000000000000 836.000000000000000 1.000000000000000 
448.000000000000000 835.000000000000000 1.000000000000000 
448.000000000000000 834.000000000000000 1.000000000000000 
448.000000000000000 833.000000000000000 1.000000000000000 
448.000000000000000 945.000000000000000 0.000000000000000 
51.000000000000000 1049.000000000000000 0.000000000000000 
51.000000000000000 793.000000000000000 1.000000000000000 
51.000000000000000 601.000000000000000 0.000000000000000 
40.000000000000000 1128.000000000000000 0.000000000000000 
40.000000000000000 792.000000000000000 1.000000000000000 
40.000000000000000 680.000000000000000 1.000000000000000 
38.000000000000000 1112.000000000000000 0.000000000000000 
38.000000000000000 792.000000000000000 1.000000000000000 
38.000000000000000 696.000000000000000 1.000000000000000 
39.000000000000000 1096.000000000000000 0.000000000000000 
39.000000000000000 792.000000000000000 1.000000000000000 
39.000000000000000 712.000000000000000 1.000000000000000 
446.000000000000000 945.000000000000000 0.000000000000000 
446.000000000000000 785.000000000000000 1.000000000000000 
477.000000000000000 1009.000000000000000 0.000000000000000 
482.000000000000000 641.000000000000000 1.000000000000000 
59.000000000000000 233.000000000000000 0.000000000000000 
50.000000000000000 217.000000000000000 0.000000000000000 
60.000000000000000 201.000000000000000 0.000000000000000 
67.000000000000000 185.000000000000000 0.000000000000000 
63.000000000000000 633.000000000000000 0.000000000000000 
62.000000000000000 585.000000000000000 0.000000000000000 
61.000000000000000 601.000000000000000 0.000000000000000 
66.000000000000000 313.000000000000000 0.000000000000000 
59.000000000000000 329.000000000000000 0.000000000000000 
58.000000000000000 313.000000000000000 0.000000000000000 
65.000000000000000 937.000000000000000 0.000000000000000 
65.000000000000000 953.000000000000000 0.000000000000000 
62.000000000000000 1001.000000000000000 0.000000000000000 
62.000000000000000 985.000000000000000 0.000000000000000 
62.000000000000000 969.000000000000000 0.000000000000000 
62.000000000000000 953.000000000000000 0.000000000000000 
62.000000000000000 937.000000000000000 0.000000000000000 
62.000000000000000 921.000000000000000 0.000000000000000 
51.000000000000000 249.000000000000000 0.000000000000000 
59.000000000000000 409.000000000000000 0.000000000000000 
59.000000000000000 393.000000000000000 0.000000000000000 
65.000000000000000 393.000000000000000 0.000000000000000 
64.000000000000000 265.000000000000000 0.000000000000000 
53.000000000000000 265.000000000000000 0.000000000000000 
59.000000000000000 297.000000000000000 0.000000000000000 
65.000000000000000 969.000000000000000 0.000000000000000 
65.000000000000000 985.000000000000000 0.000000000000000 
60.000000000000000 441.000000000000000 0.000000000000000 
52.000000000000000 441.000000000000000 0.000000000000000 
331.000000000000000 873.000000000000000 1.000000000000000 
336.000000000000000 649.000000000000000 1.000000000000000 
336.000000000000000 665.000000000000000 1.000000000000000 
336.000000000000000 681.000000000000000 1.000000000000000 
336.000000000000000 697.000000000000000 1.000000000000000 
336.000000000000000 713.000000000000000 1.000000000000000 
336.000000000000000 729.000000000000000 1.000000000000000 
336.000000000000000 745.000000000000000 1.000000000000000 
336.000000000000000 761.000000000000000 1.000000000000000 
336.000000000000000 777.000000000000000 1.000000000000000 
336.000000000000000 793.000000000000000 1.000000000000000 
336.000000000000000 809.000000000000000 1.000000000000000 
336.000000000000000 825.000000000000000 1.000000000000000 
336.000000000000000 841.000000000000000 1.000000000000000 
336.000000000000000 857.000000000000000 1.000000000000000 
336.000000000000000 873.000000000000000 1.000000000000000 
336.000000000000000 889.000000000000000 1.000000000000000 
331.000000000000000 889.000000000000000 1.000000000000000 
455.000000000000000 33.000000000000000 0.000000000000000 
454.000000000000000 33.000000000000000 0.000000000000000 
452.000000000000000 33.000000000000000 0.000000000000000 
451.000000000000000 33.000000000000000 0.000000000000000 
453.000000000000000 401.000000000000000 0.000000000000000 
453.000000000000000 417.000000000000000 0.000000000000000 
453.000000000000000 17.000000000000000 0.000000000000000 
450.000000000000000 17.000000000000000 0.000000000000000 
483.000000000000000 433.000000000000000 0.000000000000000 
