285.000000000000000 288.000000000000000 0.000000000000000 
312.000000000000000 352.000000000000000 0.000000000000000 
346.000000000000000 352.000000000000000 0.000000000000000 
376.000000000000000 304.000000000000000 0.000000000000000 
378.000000000000000 529.000000000000000 0.000000000000000 
250.000000000000000 352.000000000000000 0.000000000000000 
273.000000000000000 352.000000000000000 0.000000000000000 
311.000000000000000 352.000000000000000 0.000000000000000 
345.000000000000000 352.000000000000000 0.000000000000000 
375.000000000000000 352.000000000000000 0.000000000000000 
386.000000000000000 368.000000000000000 0.000000000000000 
291.000000000000000 320.000000000000000 0.000000000000000 
318.000000000000000 352.000000000000000 0.000000000000000 
352.000000000000000 352.000000000000000 0.000000000000000 
382.000000000000000 352.000000000000000 0.000000000000000 
416.000000000000000 304.000000000000000 0.000000000000000 
418.000000000000000 625.000000000000000 0.000000000000000 
292.000000000000000 304.000000000000000 0.000000000000000 
319.000000000000000 352.000000000000000 0.000000000000000 
353.000000000000000 352.000000000000000 0.000000000000000 
383.000000000000000 304.000000000000000 0.000000000000000 
385.000000000000000 945.000000000000000 0.000000000000000 
385.000000000000000 737.000000000000000 1.000000000000000 
376.000000000000000 593.000000000000000 0.000000000000000 
374.000000000000000 304.000000000000000 0.000000000000000 
344.000000000000000 352.000000000000000 0.000000000000000 
310.000000000000000 352.000000000000000 0.000000000000000 
283.000000000000000 272.000000000000000 0.000000000000000 
250.000000000000000 208.000000000000000 0.000000000000000 
281.000000000000000 48.000000000000000 0.000000000000000 
287.000000000000000 208.000000000000000 0.000000000000000 
284.000000000000000 144.000000000000000 0.000000000000000 
284.000000000000000 160.000000000000000 0.000000000000000 
284.000000000000000 176.000000000000000 0.000000000000000 
395.000000000000000 1.000000000000000 0.000000000000000 
394.000000000000000 17.000000000000000 0.000000000000000 
393.000000000000000 33.000000000000000 0.000000000000000 
392.000000000000000 49.000000000000000 0.000000000000000 
396.000000000000000 81.000000000000000 0.000000000000000 
399.000000000000000 97.000000000000000 0.000000000000000 
396.000000000000000 209.000000000000000 0.000000000000000 
399.000000000000000 225.000000000000000 0.000000000000000 
396.000000000000000 241.000000000000000 0.000000000000000 
399.000000000000000 193.000000000000000 0.000000000000000 
396.000000000000000 113.000000000000000 0.000000000000000 
399.000000000000000 65.000000000000000 0.000000000000000 
396.000000000000000 145.000000000000000 0.000000000000000 
399.000000000000000 161.000000000000000 0.000000000000000 
396.000000000000000 17.000000000000000 0.000000000000000 
399.000000000000000 33.000000000000000 0.000000000000000 
396.000000000000000 65.000000000000000 0.000000000000000 
399.000000000000000 113.000000000000000 0.000000000000000 
396.000000000000000 1.000000000000000 0.000000000000000 
399.000000000000000 49.000000000000000 0.000000000000000 
396.000000000000000 97.000000000000000 0.000000000000000 
399.000000000000000 81.000000000000000 0.000000000000000 
